
For the train set

3 6 2 2 7 3 2 3 4 5

0 1 0 2 0 0 0 0 0 0

4 0 0 0 0 0 2 0 0 0

0 0 0 0 1 0 0 1 0 0

2 0 0 0 0 0 0 0 0 0

0 0 6 0 0 0 0 0 1 0

1 0 0 1 0 0 0 0 0 1

0 2 0 0 0 0 0 0 0 0

0 0 0 1 2 0 0 0 0 0

0 0 0 0 0 1 0 1 0 2

0 0 0 0 0 2 0 3 0 0

37

0.890533

4 7 3 2 9 4 2 3 4 6

0 2 0 2 0 0 0 0 0 0

5 0 0 0 0 0 2 0 0 0

0 0 0 0 2 0 0 1 0 0

2 0 0 0 0 0 0 0 0 0

0 0 7 0 0 0 0 0 1 1

2 0 0 1 0 0 0 0 0 1

0 2 0 0 0 0 0 0 0 0

0 0 0 1 2 0 0 0 0 0

0 0 0 0 0 1 0 1 0 2

0 0 0 0 1 2 0 3 0 0

44

0.869822
