-190.03373158
-216.86782346
317.72427235
-366.89413057
-1700.09362796
-57.36802798
-218.70634273
-1317.77868100
-864.69491169
-118.74412436
156.59792587
-95.52134848
-60.42867641
81.80913243
-89.35169073
-644.58630890
-144.98080294
685.53664216
-1038.62104072
109.54507406
121.77379343
361.22523917
-227.20865052
-86.82043661
-1155.33910025
-1116.52349524
35.09279800
-974.82202835
-1216.97410206
-1503.88149697
138.30709988
63.84359199
697.56006516
-129.42246200
0.70745170
24.19449938
156.46135062
-1132.14871222
-192.07655996
-100.27070368
-269.46782251
-70.19348418
-853.19713896
-373.19967796
431.44234263
