-190.03373158
-271.75161645
-108.84407860
2204.67578960
-595.79975737
313.98639050
-271.75161645
-108.84407860
-190.03373158
761.19908103
-271.75161645
-108.84407860
0.00000000
0.00000000
0.00000000
0.00000000
0.00000000
0.00000000
0.00000000
0.00000000
0.00000000
0.00000000
0.00000000
0.00000000
0.00000000
0.00000000
0.00000000
0.00000000
0.00000000
0.00000000
0.00000000
0.00000000
0.00000000
0.00000000
0.00000000
0.00000000
0.00000000
0.00000000
0.00000000
0.00000000
0.00000000
-1038.62104072
-1204.60550670
-908.09561868
-471.98961478
-1038.62104072
-1038.62104072
-418.61339951
-908.09561868
-1038.62104072
-1075.15521843
-418.61339951
-908.09561868
0.00000000
0.00000000
0.00000000
0.00000000
0.00000000
0.00000000
0.00000000
0.00000000
0.00000000
0.00000000
0.00000000
0.00000000
0.00000000
0.00000000
0.00000000
0.00000000
0.00000000
0.00000000
0.00000000
0.00000000
0.00000000
0.00000000
0.00000000
0.00000000
0.00000000
-192.07655996
-300.33192398
-115.13384422
-1243.71825398
-192.07655996
978.45385611
-300.33192398
-115.13384422
-1022.43119592
-192.07655996
-300.33192398
-115.13384422
0.00000000
0.00000000
0.00000000
0.00000000
0.00000000
0.00000000
0.00000000
0.00000000
0.00000000
0.00000000
0.00000000
431.44234263
354.72362730
519.85603810
892.08504179
486.41205747
431.44234263
354.72362730
519.85603810
431.44234263
1085.12030962
354.72362730
519.85603810
