-190.03373158
-271.75161645
-108.84407860
-190.03373158
-190.03373158
-271.75161645
-108.84407860
0.00000000
0.00000000
0.00000000
0.00000000
0.00000000
0.00000000
317.72427235
207.52564699
468.96231121
523.96702224
-100.66396992
207.52564699
468.96231121
0.00000000
-1700.09362796
-2146.21564807
-1376.03186912
-1504.52626055
-1126.95115267
-2146.21564807
-1376.03186912
0.00000000
0.00000000
0.00000000
0.00000000
0.00000000
0.00000000
0.00000000
0.00000000
0.00000000
0.00000000
0.00000000
0.00000000
0.00000000
-1038.62104072
-1204.60550670
-908.09561868
-1038.62104072
-1038.62104072
-418.61339951
-908.09561868
0.00000000
0.00000000
0.00000000
0.00000000
0.00000000
0.00000000
0.00000000
0.00000000
0.00000000
0.00000000
0.00000000
0.00000000
0.00000000
0.00000000
0.00000000
0.00000000
0.00000000
0.00000000
0.00000000
0.00000000
0.70745170
-90.31932316
100.77576013
-216.28033789
-6.92327168
-90.31932316
100.77576013
0.00000000
0.00000000
0.00000000
-192.07655996
-300.33192398
-115.13384422
-192.07655996
-192.07655996
-300.33192398
-115.13384422
0.00000000
0.00000000
0.00000000
0.00000000
0.00000000
0.00000000
0.00000000
0.00000000
0.00000000
-373.19967796
-503.09509803
-294.03572918
-373.19967796
-345.57183444
-503.09509803
-294.03572918
431.44234263
354.72362730
519.85603810
431.44234263
431.44234263
354.72362730
519.85603810
