0.98904921 -0.14758612
0.98904921 -0.14758612
0.98904921 -0.14758612
0.98904921 -0.14758612
0.98904921 -0.14758612
0.98904921 -0.14758612
0.98904921 -0.14758612
0.00000000 0.00000000
0.00000000 0.00000000
0.00000000 0.00000000
0.00000000 0.00000000
0.00000000 0.00000000
0.00000000 0.00000000
-0.98430874 0.17645480
-0.98430874 0.17645480
-0.98430874 0.17645480
-0.99858229 0.05322985
-0.91878091 0.39476783
-0.98430874 0.17645480
-0.98430874 0.17645480
0.00000000 0.00000000
0.03360722 0.99943512
0.03360722 0.99943512
0.03360722 0.99943512
0.78438678 0.62027202
-0.48694413 0.87343312
0.03360722 0.99943512
0.03360722 0.99943512
0.00000000 0.00000000
0.00000000 0.00000000
0.00000000 0.00000000
0.00000000 0.00000000
0.00000000 0.00000000
0.00000000 0.00000000
0.00000000 0.00000000
0.00000000 0.00000000
0.00000000 0.00000000
0.00000000 0.00000000
0.00000000 0.00000000
0.00000000 0.00000000
0.00000000 0.00000000
0.87860585 0.47754766
0.87860585 0.47754766
0.87860585 0.47754766
0.87860585 0.47754766
0.87860585 0.47754766
0.94199520 -0.33562636
0.87860585 0.47754766
0.00000000 0.00000000
0.00000000 0.00000000
0.00000000 0.00000000
0.00000000 0.00000000
0.00000000 0.00000000
0.00000000 0.00000000
0.00000000 0.00000000
0.00000000 0.00000000
0.00000000 0.00000000
0.00000000 0.00000000
0.00000000 0.00000000
0.00000000 0.00000000
0.00000000 0.00000000
0.00000000 0.00000000
0.00000000 0.00000000
0.00000000 0.00000000
0.00000000 0.00000000
0.00000000 0.00000000
0.00000000 0.00000000
0.00000000 0.00000000
0.85875596 -0.51238481
0.85875596 -0.51238481
0.85875596 -0.51238481
0.94426385 -0.32918959
0.87588809 -0.48251430
0.85875596 -0.51238481
0.85875596 -0.51238481
0.00000000 0.00000000
0.00000000 0.00000000
0.00000000 0.00000000
-0.85214483 0.52330602
-0.85214483 0.52330602
-0.85214483 0.52330602
-0.85214483 0.52330602
-0.85214483 0.52330602
-0.85214483 0.52330602
-0.85214483 0.52330602
0.00000000 0.00000000
0.00000000 0.00000000
0.00000000 0.00000000
0.00000000 0.00000000
0.00000000 0.00000000
0.00000000 0.00000000
0.00000000 0.00000000
0.00000000 0.00000000
0.00000000 0.00000000
0.98286757 -0.18431317
0.98286757 -0.18431317
0.98286757 -0.18431317
0.98286757 -0.18431317
0.98162624 -0.19081383
0.98286757 -0.18431317
0.98286757 -0.18431317
-0.99956571 -0.02946846
-0.99956571 -0.02946846
-0.99956571 -0.02946846
-0.99956571 -0.02946846
-0.99956571 -0.02946846
-0.99956571 -0.02946846
-0.99956571 -0.02946846
