0.98904921 -0.14758612
-0.84558865 0.53383502
-0.98430874 0.17645480
-0.79630439 0.60489612
0.03360722 0.99943512
0.98709024 -0.16016509
-0.87277919 0.48811523
0.68462774 0.72889290
-0.61316835 0.78995226
-0.90260605 0.43046757
-0.97759207 0.21050830
-0.92104136 0.38946477
-0.95492135 0.29685891
0.98256485 -0.18592018
-0.92588150 0.37781404
-0.75213504 0.65900901
-0.92891773 0.37028617
0.57414192 -0.81875580
0.87860585 0.47754766
0.83223199 -0.55442755
0.93146702 -0.36382578
0.64071534 -0.76777852
0.94833349 -0.31727527
0.89210910 -0.45182004
-0.16423066 0.98642196
0.93651857 0.35061797
0.96976478 -0.24404154
-0.47795258 0.87838564
0.79374909 0.60824533
0.60036893 0.79972317
0.82965146 -0.55828170
0.95602610 -0.29328160
0.36265831 -0.93192218
0.92251621 -0.38595835
0.85875596 -0.51238481
0.97725147 -0.21208385
-0.94678083 0.32187894
0.51971004 0.85434271
-0.85214483 0.52330602
-0.94798409 0.31831772
-0.93625841 0.35131210
-0.96599119 0.25857498
0.92687588 0.37536795
0.98286757 -0.18431317
-0.99956571 -0.02946846
