0.98904921 -0.14758612
0.98904921 -0.14758612
0.98904921 -0.14758612
-0.14758612 -0.98904921
0.99846787 0.05533451
-0.99886967 0.04753303
0.98904921 -0.14758612
0.98904921 -0.14758612
0.98904921 -0.14758612
0.87031582 -0.49249403
0.98904921 -0.14758612
0.98904921 -0.14758612
0.00000000 0.00000000
0.00000000 0.00000000
0.00000000 0.00000000
0.00000000 0.00000000
0.00000000 0.00000000
0.00000000 0.00000000
0.00000000 0.00000000
0.00000000 0.00000000
0.00000000 0.00000000
0.00000000 0.00000000
0.00000000 0.00000000
0.00000000 0.00000000
0.00000000 0.00000000
0.00000000 0.00000000
0.00000000 0.00000000
0.00000000 0.00000000
0.00000000 0.00000000
0.00000000 0.00000000
0.00000000 0.00000000
0.00000000 0.00000000
0.00000000 0.00000000
0.00000000 0.00000000
0.00000000 0.00000000
0.00000000 0.00000000
0.00000000 0.00000000
0.00000000 0.00000000
0.00000000 0.00000000
0.00000000 0.00000000
0.00000000 0.00000000
0.87860585 0.47754766
0.87860585 0.47754766
0.87860585 0.47754766
-0.47754766 0.87860585
0.87860585 0.47754766
0.87860585 0.47754766
0.94199520 -0.33562636
0.87860585 0.47754766
0.87860585 0.47754766
0.53038385 0.84775761
0.94199520 -0.33562636
0.87860585 0.47754766
0.00000000 0.00000000
0.00000000 0.00000000
0.00000000 0.00000000
0.00000000 0.00000000
0.00000000 0.00000000
0.00000000 0.00000000
0.00000000 0.00000000
0.00000000 0.00000000
0.00000000 0.00000000
0.00000000 0.00000000
0.00000000 0.00000000
0.00000000 0.00000000
0.00000000 0.00000000
0.00000000 0.00000000
0.00000000 0.00000000
0.00000000 0.00000000
0.00000000 0.00000000
0.00000000 0.00000000
0.00000000 0.00000000
0.00000000 0.00000000
0.00000000 0.00000000
0.00000000 0.00000000
0.00000000 0.00000000
0.00000000 0.00000000
0.00000000 0.00000000
-0.85214483 0.52330602
-0.85214483 0.52330602
-0.85214483 0.52330602
0.52330602 0.85214483
-0.85214483 0.52330602
-0.93944350 -0.34270381
-0.85214483 0.52330602
-0.85214483 0.52330602
-0.18208926 0.98328200
-0.85214483 0.52330602
-0.85214483 0.52330602
-0.85214483 0.52330602
0.00000000 0.00000000
0.00000000 0.00000000
0.00000000 0.00000000
0.00000000 0.00000000
0.00000000 0.00000000
0.00000000 0.00000000
0.00000000 0.00000000
0.00000000 0.00000000
0.00000000 0.00000000
0.00000000 0.00000000
0.00000000 0.00000000
-0.99956571 -0.02946846
-0.99956571 -0.02946846
-0.99956571 -0.02946846
0.02946846 -0.99956571
-0.98690491 -0.16130313
-0.99956571 -0.02946846
-0.99956571 -0.02946846
-0.99956571 -0.02946846
-0.99956571 -0.02946846
-0.38710020 -0.92203766
-0.99956571 -0.02946846
-0.99956571 -0.02946846
